2	13	12.275	12.6841	0.0508
5	10	14.4078	11.6902	0.0948
5	10	15.0846	14.268	0.0896
1	11	13.3402	11.2456	0.0285
3	10	14.8306	14.1382	0.0821
5	13	14.584	12.6099	0.0914
3	12	14.5965	11.0356	0.092
6	11	15.9012	11.8931	0.0817
5	9	14.6729	13.3417	0.0026
2	11	18.1966	9.5017	0.0318
2	9	16.2933	11.8896	0.0288
7	11	13.7183	13.3394	0.0062
2	14	15.3069	13.4434	0.0979
1	14	12.5596	9.7666	0.0796
4	9	16.6359	12.3044	0.0785
1	11	14.2726	11.7827	0.0629
7	13	13.6552	12.9273	0.0709
1	9	12.7184	12.081	0.0641
2	10	15.8942	10.4634	0.0093
4	10	14.0611	11.8646	0.0532
1	11	12.3398	13.3324	0.0859
1	12	16.4625	9.5191	0.0061
3	13	12.3678	9.5135	0.0729
4	10	16.0802	10.9605	0.0315
5	13	17.0213	10.4812	0.0578
5	12	15.797	14.0388	0.0484
2	9	13.3518	10.7914	0.0478
4	11	17.5746	11.1943	0.0958
3	13	15.8613	13.8345	0.0885
5	9	16.0246	11.694	0.0303
2	14	17.4404	13.1925	0.0476
5	10	13.1646	11.9633	0.029
4	14	15.8533	12.5416	0.0022
1	13	15.0056	12.3529	0.0182
3	11	16.244	13.2454	0.0842
2	13	15.7832	12.0959	0.0651
3	14	15.3446	11.4655	0.0079
1	12	15.6874	12.1306	0.0525
6	10	14.7461	11.5805	0.0942
2	9	14.7444	13.2225	0.087
7	12	18.8921	11.7666	0.0345
6	9	16.2936	9.3374	0.0386
5	14	14.4159	9.9176	0.0953
2	11	16.596	13.197	0.0766
4	14	18.4864	11.0557	0.0022
1	13	17.7593	13.7931	0.0841
7	14	16.3799	9.5301	0.0363
7	9	13.9669	12.8266	0.0845
4	13	15.0903	10.5078	0.0237
6	11	16.3346	11.3148	0.0588
1	11	15.0122	13.2559	0.082
3	12	12.6277	13.5712	0.0433
1	13	12.622	11.9856	0.0841
1	13	15.5664	10.9727	0.0209
1	12	14.304	13.5046	0.0151
7	9	17.2125	13.219	0.0506
5	9	16.5454	11.384	0.0536
5	11	13.049	11.1758	0.0398
4	12	15.9282	11.0139	0.0617
1	9	14.7938	13.5258	0.0036
5	14	14.2125	13.3583	0.087
3	11	14.4705	11.2907	0.0438
5	11	14.5833	10.3403	0.0126
2	14	14.2631	12.0587	0.025
1	14	16.8293	12.0567	0.0389
1	10	13.5965	10.3698	0.0646
7	12	14.0198	10.8845	0.0791
3	11	12.5407	14.2398	0.0988
6	13	15.507	13.0826	0.0061
4	11	15.2369	11.5677	0.0552
2	12	16.2172	10.5751	0.0648
4	11	15.6116	9.0189	0.0893
4	9	14.4722	11.6725	0.0249
7	14	12.8412	11.5721	0.0499
4	14	15.1579	11.3376	0.0981
3	14	15.1438	11.6292	0.0115
4	14	15.1094	9.6741	0.0266
2	11	14.7828	12.2149	0.0614
4	13	14.7322	12.7497	0.0147
4	9	15.3496	12.6695	0.0622
5	14	11.0032	13.7889	0.0605
4	14	13.654	9.1322	0.0075
3	9	15.9115	10.8311	0.0363
6	9	14.3584	11.6386	0.0668
7	14	12.4611	11.2741	0.0844
1	11	13.8183	10.4984	0.0418
2	10	18.0184	9.5352	0.0226
3	13	14.0863	12.4891	0.0165
1	9	12.8796	11.3699	0.0652
2	9	15.1144	11.6909	0.0837
5	13	15.5901	11.0904	0.0814
4	12	17.2346	10.202	0.0894
3	9	15.3011	10.4314	0.0496
3	10	13.9277	10.3174	0.025
2	11	16.4234	11.8646	0.0942
3	10	14.1318	9.3627	0.0244
3	14	14.6508	13.4103	0.0744
3	11	13.6537	12.3185	0.0842
5	9	13.8309	10.425	0.0864
3	14	14.5785	9.8293	0.0062
1	13	15.4265	12.0341	0.0692
6	13	14.3118	11.7905	0.0616
3	11	13.3902	12.0383	0.0135
4	14	15.3623	13.8471	0.062
7	14	17.7353	11.9644	0.0496
6	13	15.1537	12.7612	0.0255
2	10	16.8997	12.253	0.0058
6	10	16.9394	10.3188	0.0687
7	10	16.1514	12.4201	0.087
5	13	15.26	14.1893	0.0428
5	9	14.6222	11.8133	0.0177
3	10	15.1248	12.2274	0.0224
1	9	14.6592	12.697	0.077
5	9	14.983	13.9156	0.0949
5	11	16.7686	11.9519	0.0966
7	11	15.2112	12.566	0.0177
3	12	18.0307	11.5453	0.0277
5	9	16.7163	11.3234	0.0344
7	13	17.715	10.1711	0.0559
7	10	18.6005	11.0416	0.0684
4	12	19.4209	12.3906	0.0791
4	9	15.5428	11.2303	0.0965
4	13	17.6174	12.2873	0.0531
2	11	15.3609	11.4224	0.0742
7	14	18.3759	9.2151	0.0108
5	13	16.0334	13.4072	0.0174
6	9	15.7251	11.0467	0.0171
3	9	16.9111	10.67	0.0364
5	13	14.8671	12.4796	0.0515
6	14	13.1389	12.8377	0.007
2	9	13.1447	10.6844	0.0931
3	14	14.8899	13.3436	0.0291
5	9	13.2695	11.5026	0.0677
5	14	14.8229	11.9411	0.0394
2	12	14.922	14.0312	0.0865
7	13	13.8473	10.3532	0.052
7	11	16.1505	10.8328	0.0108
3	14	14.335	12.4287	0.0858
3	11	15.0593	12.2221	0.0219
4	12	14.7335	14.7839	0.0573
4	11	13.572	14.005	0.0148
6	10	13.3976	13.1223	0.0117
1	9	16.9428	12.8518	0.0441
4	10	12.6838	13.0762	0.047
4	9	18.3461	13.8624	0.035
6	13	14.0083	13.6368	0.0114
2	10	16.386	11.2879	0.0302
7	11	15.5825	12.7176	0.078
3	14	16.4523	13.4077	0.088
6	9	16.2879	11.2194	0.0801
6	9	14.6896	9.9219	0.0145
4	9	14.3467	9.7782	0.0512
2	10	14.5424	12.6392	0.0827
1	11	14.6024	10.6261	0.0958
5	10	15.4641	11.7824	0.0065
2	9	16.1994	10.0482	0.0821
3	10	14.7686	11.3181	0.0781
7	13	18.3372	13.3387	0.0999
5	9	13.5157	10.0567	0.0932
2	11	14.7805	11.9414	0.021
4	9	14.374	11.2087	0.0846
4	14	16.7785	12.2952	0.0433
4	11	16.7303	13.1801	0.01
3	12	15.4114	12.3376	0.0239
7	9	14.0791	12.3605	0.0767
4	11	15.3152	14.4176	0.0577
4	12	14.5342	11.9933	0.0062
3	14	13.7187	12.1761	0.0936
2	13	14.8785	11.1986	0.0754
6	14	14.7746	10.9486	0.0556
5	14	14.839	13.457	0.0908
7	12	16.8761	14.5839	0.0741
4	14	15.7417	11.0587	0.0424
4	11	14.8813	9.9707	0.0186
3	13	15.8246	11.6855	0.0093
5	9	14.8216	12.7488	0.017
1	9	12.3438	11.4736	0.0134
2	9	16.673	11.7379	0.0228
3	12	17.4968	12.704	0.0732
5	11	15.4631	12.9695	0.0944
5	14	15.1594	11.0182	0.0438
3	14	13.4106	10.9501	0.0914
6	10	14.9109	9.8818	0.0558
5	11	16.7658	12.0677	0.0581
3	11	15.3164	12.9002	0.0208
1	11	14.7872	11.1259	0.0543
3	14	19.4629	12.3577	0.0702
3	12	16.2413	12.3427	0.0829
1	11	16.795	10.0955	0.0819
5	10	17.0015	13.3464	0.0548
6	9	17.1255	12.5311	0.047
1	13	14.4393	12.9548	0.0745
2	14	14.3763	12.0375	0.0141
7	11	13.6139	13.0285	0.0651
7	9	16.423	12.4557	0.0761
7	14	16.3239	11.6935	0.0601
2	13	18.0024	9.155	0.0608
7	9	16.4585	13.0828	0.0555
5	10	17.9908	12.8866	0.0424
3	10	16.434	12.3948	0.0107
6	11	16.5424	12.3231	0.0797
4	11	15.22	11.6847	0.0455
2	11	15.1054	9.6319	0.037
6	12	17.0381	12.889	0.0702
4	9	12.913	13.3351	0.0779
5	9	15.5726	14.5333	0.0975
5	13	17.455	10.7965	0.0603
7	9	16.2485	11.5164	0.0521
3	14	13.0686	10.6411	0.0261
1	14	14.2625	12.4207	0.0228
2	10	18.1793	12.3875	0.0977
6	9	13.0141	10.6871	0.0407
1	12	16.4598	9.5654	0.0088
3	13	15.7072	11.8959	0.0962
1	11	16.244	11.3022	0.0615
5	12	15.5333	11.9252	0.0789
2	13	12.6147	10.3981	0.0588
6	13	13.8947	11.4666	0.043
7	10	12.3529	10.9465	0.0992
6	13	17.5843	10.2335	0.035
1	9	16.6077	12.5499	0.082
2	14	17.035	12.0472	0.0074
5	14	16.3334	14.3078	0.048
5	10	19.5959	12.5654	0.051
3	14	13.0766	11.3939	0.0597
7	12	15.4836	11.7727	0.071
1	14	16.816	10.9644	0.075
6	13	16.9809	14.4195	0.031
4	11	14.5687	14.5717	0.0076
6	10	18.0491	12.8809	0.0059
1	9	12.9723	11.0909	0.0197
6	11	15.2171	11.6622	0.0745
4	13	18.1794	11.6654	0.0696
3	12	16.6692	9.3291	0.0784
6	11	15.6459	10.4526	0.0065
6	11	14.3085	12.1379	0.0468
6	10	12.2487	12.0523	0.0201
6	11	12.3494	12.6966	0.0743
4	11	15.1243	11.0776	0.0716
1	10	14.3663	9.7668	0.0474
3	10	15.5839	11.9291	0.0904
6	12	19.0864	13.7556	0.0896
3	10	15.7875	12.5046	0.0763
2	13	14.6119	11.3415	0.0797
1	14	14.0501	12.2322	0.0808
6	9	9.6041	9.824	0.0807
5	9	15.1983	13.7393	0.0145
5	14	18.4279	12.3918	0.0565
6	10	12.7059	12.1692	0.0038
2	10	13.4784	10.8458	0.0242
3	14	14.8006	12.749	0.0649
4	12	14.5959	12.618	0.0045
5	11	17.5837	10.7109	0.052
5	9	12.9233	13.0174	0.0076
3	14	17.8003	15.5831	0.0238
7	13	14.4617	11.4175	0.0309
5	9	18.2509	12.9098	0.0352
4	11	14.3575	13.1182	0.017
1	13	13.2453	12.4831	0.0091
6	9	16.1572	14.122	0.0541
4	14	14.0804	11.7179	0.0666
1	11	13.3622	13.4577	0.0457
2	14	16.7331	11.1391	0.0114
1	12	12.3643	12.2821	0.0041
2	10	16.8723	10.6755	0.0604
5	13	16.1032	12.3779	0.0419
4	13	16.2489	11.095	0.0063
6	13	17.1027	11.5011	0.073
7	9	14.8728	10.5078	0.0556
6	9	15.8748	9.0525	0.0178
1	13	13.0418	13.7199	0.0888
1	9	13.4855	11.5381	0.0471
6	10	17.661	11.9772	0.0815
4	14	15.3814	13.5951	0.091
5	13	13.3985	13.2165	0.0175
4	9	15.9676	11.0332	0.0998
2	9	14.6052	12.764	0.0679
3	11	14.1621	13.29	0.0962
7	9	14.283	10.7543	0.0301
5	9	16.2936	10.8839	0.0635
5	13	14.1388	13.8326	0.0647
4	12	15.6049	14.6523	0.0999
2	9	15.6518	8.7815	0.0819
7	11	15.4624	12.1325	0.0783
3	11	14.4984	12.9851	0.0965
6	13	15.1191	11.6373	0.0015
4	11	14.5036	12.7406	0.0839
6	13	14.2912	13.3319	0.0977
3	13	14.5452	11.7535	0.091
3	9	13.6696	11.0374	0.0765
6	11	16.7367	14.5629	0.0074
2	11	15.7614	11.9637	0.0177
4	13	16.6817	12.2604	0.0963
3	10	15.3561	12.054	0.0584
5	9	11.6408	14.4249	0.0988
6	14	14.0838	12.1364	0.0253
5	13	14.9676	12.3997	0.0231
1	10	15.7679	11.5251	0.0705
2	9	15.4987	11.4606	0.0171
2	11	15.74	11.0687	0.0164
6	10	15.243	11.8105	0.0886
1	9	14.1715	9.9691	0.0783
1	9	15.0345	11.9187	0.0491
2	13	13.9382	13.5177	0.0048
6	14	17.1087	12.9695	0.0794
5	10	13.6541	12.2929	0.0877
4	10	19.0937	14.2336	0.0341
2	14	15.8601	9.9709	0.0254
4	11	15.9181	11.9134	0.0953
5	11	17.6619	13.623	0.0838
1	11	14.6365	13.9497	0.0808
2	10	9.056	12.1584	0.0288
4	14	14.0565	12.3133	0.0727
2	12	15.7629	12.7927	0.0034
1	13	12.3736	11.4537	0.095
5	13	14.8802	12.6967	0.0184
6	9	13.0293	12.3759	0.0896
1	12	12.1623	10.1379	0.0754
1	9	15.5511	10.9565	0.0209
4	13	14.4166	10.286	0.0696
4	10	12.4885	11.5387	0.0709
3	9	14.7857	12.3854	0.08
2	14	16.4621	9.8067	0.0762
7	10	15.6096	12.8452	0.0381
7	14	18.3097	12.5178	0.0665
5	11	15.289	9.0836	0.0582
5	9	15.9678	12.2942	0.0261
7	11	14.3989	12.7529	0.0608
6	14	16.4332	13.1764	0.0933
3	12	14.0326	13.6971	0.0379
2	13	16.3297	11.029	0.093
4	9	15.4149	12.9649	0.0434
6	11	12.6727	12.0613	0.0364
4	14	11.7341	13.7209	0.0236
3	14	15.2754	12.6019	0.0018
2	13	14.3418	10.9118	0.0913
2	12	15.072	12.429	0.005
6	9	14.2931	12.208	0.0265
4	11	14.3425	10.1485	0.0242
1	11	15.4621	13.1611	0.0542
3	9	14.6949	11.7897	0.0369
5	11	11.559	13.4001	0.0403
3	12	14.7437	11.4354	0.0335
6	13	16.4629	15.5387	0.0455
4	9	16.3538	12.454	0.0485
7	9	12.8283	11.9175	0.0201
5	11	12.7076	11.3194	0.0193
7	13	15.4442	10.7715	0.0804
7	12	14.5479	14.2854	0.0439
2	10	12.4771	11.4975	0.0081
3	13	16.3282	13.4752	0.0748
4	11	15.0102	12.094	0.0494
6	11	14.0682	12.1814	0.086
3	11	13.7405	13.4351	0.0194
1	9	12.2225	10.8586	0.0582
2	12	15.0049	15.8105	0.0034
5	14	16.5811	10.695	0.0716
4	10	13.1432	10.1312	0.0717
4	14	14.9058	11.7064	0.0309
1	11	14.9007	13.4401	0.0126
3	9	14.9272	13.8863	0.0648
7	13	14.8442	13.9325	0.0503
1	12	13.9015	11.6617	0.0527
4	11	16.9142	10.8958	0.0786
4	10	18.4425	11.1424	0.0436
2	12	14.511	12.4278	0.0266
6	10	13.1868	12.0207	0.0793
7	9	16.4103	10.9615	0.037
3	10	13.715	12.2906	0.085
4	14	15.1474	14.146	0.0038
4	13	13.9272	12.7311	0.0418
2	11	15.1093	12.1409	0.0072
4	13	11.3517	12.476	0.0398
7	13	17.9185	14.6399	0.052
5	13	14.4393	11.8936	0.0946
4	10	13.2937	11.9278	0.0825
1	9	16.1931	12.5581	0.0672
5	12	17.0567	11.446	1.0E-4
1	9	14.501	11.3923	0.0824
6	14	11.5817	14.1982	0.0698
5	12	17.4178	12.7708	0.0015
3	9	15.5141	14.5978	0.0766
7	12	12.3693	13.3679	0.0746
3	13	14.0538	10.7526	0.038
1	10	13.9792	12.2452	0.0178
5	9	18.934	10.1224	0.011
5	12	13.1708	12.1898	0.0104
5	11	17.9968	13.9695	0.0861
7	12	15.3099	10.9851	0.0937
2	12	15.6767	12.8036	0.0989
4	10	14.6305	11.8958	0.0029
4	11	14.7281	11.2996	0.0397
5	13	12.4897	12.3747	0.0044
6	12	16.6691	9.7835	0.0031
4	13	15.4012	11.4218	0.0429
1	14	16.1875	11.7902	0.0257
7	14	15.7621	12.9726	0.0192
5	14	14.779	11.8314	0.0073
1	11	16.6447	12.1868	0.0588
4	11	14.2819	12.2556	0.0666
7	14	13.4493	11.463	0.0342
1	11	14.6583	11.5071	0.0629
6	14	16.7249	12.6335	0.0017
7	10	16.4023	12.3023	0.0264
6	14	14.7422	12.588	0.0728
5	12	16.1816	12.2534	0.0012
1	13	14.371	14.305	0.0637
2	9	16.2957	10.7439	0.0827
3	12	15.603	12.3798	0.001
4	11	15.9786	11.0771	0.0297
1	14	16.1906	10.4202	0.0505
1	10	14.408	14.0145	0.0715
6	11	13.8598	11.2349	0.0715
3	11	15.4654	13.9972	0.0069
7	10	15.8548	10.2746	0.0855
5	11	14.0962	11.3434	0.0241
2	9	16.1938	12.3876	0.0996
2	11	14.86	11.4005	0.0109
1	11	16.025	13.0334	0.0315
3	10	17.3163	11.86	0.036
3	11	12.6357	11.6309	0.0158
6	12	14.0288	11.1134	0.0649
4	12	13.8827	12.9723	0.0876
5	14	13.1391	12.332	0.0228
6	12	16.7963	12.5225	0.0067
5	14	13.9389	12.8674	0.045
1	13	12.9964	12.5308	0.0067
1	10	17.702	11.0969	0.0811
7	12	14.7343	12.9466	0.0049
4	10	15.1204	12.2459	0.033
2	11	15.0276	11.3873	0.0566
3	9	16.9079	11.7712	0.0702
3	9	13.098	11.3925	0.072
4	13	14.084	11.4627	0.0518
1	9	15.1064	12.5893	0.0445
1	14	15.9269	11.4919	0.0885
7	12	14.9182	12.8205	0.0569
7	11	15.3389	11.198	0.0434
5	14	13.9586	11.6515	0.0453
1	9	13.8954	12.075	0.0585
1	11	13.6681	11.929	0.0975
5	13	16.5348	11.8239	0.0231
6	10	12.193	11.2295	0.0625
1	14	15.7609	12.4369	0.0994
1	10	18.637	11.2551	0.0238
3	10	17.5085	14.3729	0.0182
3	13	14.1078	12.6627	0.0543
1	11	14.871	12.3762	0.089
6	11	16.344	11.2702	0.0196
7	13	14.5679	12.4844	0.0654
1	9	14.1502	11.7553	0.0984
5	14	14.9995	11.4612	0.0609
5	10	15.9517	11.3117	0.0681
2	14	15.6156	11.5748	0.0458
1	11	16.921	13.783	0.0784
6	13	20.5089	12.2371	0.0021
3	13	14.226	12.2028	0.0231
4	10	11.7542	14.0009	0.0342
7	12	14.9435	12.7585	0.0012
7	14	12.2118	10.4864	0.0506
6	11	12.8223	12.8571	0.0886
4	11	14.7788	10.5784	0.0965
5	12	15.9711	13.7264	0.0102
6	14	16.4821	12.2266	0.0592
1	13	15.9108	12.8305	0.0533
5	12	14.4243	8.705	0.0104
3	12	14.7649	13.7532	0.0368
5	13	13.7838	11.7357	0.0426
3	13	16.9326	10.8664	0.052
7	12	13.3496	10.9238	0.0301
5	9	13.3987	10.4023	0.0037
5	9	15.7036	12.9837	0.0212
6	9	11.9708	11.64	0.0718
4	9	15.7649	12.593	0.0396
7	11	12.7795	13.2661	0.0948
7	11	12.7038	13.7382	0.0636
6	13	15.0245	10.7217	0.0555
2	14	16.1523	12.9005	0.0833
7	13	11.3162	12.8273	0.0614
6	14	13.5934	9.9742	0.0837
7	13	13.6872	9.8429	0.0273
3	13	12.065	13.5325	0.0467
6	10	16.6632	12.9141	0.05
3	9	14.3031	13.3285	0.0384
5	9	14.8703	10.034	0.0877
2	14	13.362	10.7816	0.0317
5	14	17.9702	10.2703	0.0552
3	10	15.3387	11.4133	0.0911
5	13	14.7171	12.2182	0.0221
2	13	15.485	11.4084	0.0173
3	10	15.5431	14.3076	0.0404
2	9	17.5239	12.8432	0.0066
3	11	16.4285	10.5156	0.01
7	12	16.296	11.8601	0.0264
2	11	15.9156	9.825	0.0705
3	12	13.887	9.5612	0.0355
2	14	14.0423	11.4922	0.0604
6	13	16.6183	12.5082	0.076
7	12	15.0872	12.7933	0.027
1	11	16.0369	10.948	0.0727
6	11	15.014	11.041	0.0414
5	11	14.6996	15.0681	0.0429
3	11	14.5756	12.9324	0.097
2	9	15.5685	10.2087	0.0414
7	11	14.4551	13.2782	0.0281
2	14	14.9497	10.6686	0.0684
7	12	13.1305	11.0396	0.065
4	12	16.6345	11.9168	0.0875
2	13	13.1825	14.608	0.0354
1	11	16.4386	11.8522	0.0467
7	10	16.1774	13.6122	0.0399
4	10	17.7066	11.261	0.0371
1	9	17.2804	12.1505	0.0347
5	9	14.3048	12.7709	0.0765
3	10	14.6031	12.5996	0.069
7	14	16.779	11.7759	0.0672
4	12	13.2704	10.1537	0.0282
6	13	15.7524	10.8422	0.0578
6	12	13.0757	13.6835	0.0172
7	14	17.1596	14.261	1.0E-4
2	13	14.7995	13.255	0.0827
2	9	16.7014	12.9166	0.0834
3	14	13.7493	12.1126	0.0419
3	9	12.4757	13.2946	0.02
1	13	15.0358	13.2601	0.0314
7	11	15.6248	13.2018	0.0075
4	13	12.9827	10.5113	0.0536
1	14	13.7694	12.624	0.0264
6	9	16.5188	11.2217	0.0469
6	10	14.6427	13.2612	0.0931
7	13	14.844	11.8655	0.0399
5	10	14.8613	13.4006	0.0344
5	9	13.473	11.9728	0.0336
1	13	15.9024	10.8802	0.0482
2	11	13.6034	9.7466	0.0783
6	9	15.0711	13.007	0.012
5	14	14.767	16.022	0.0908
2	10	13.5557	12.9143	0.0106
1	11	15.3731	11.8627	0.0592
2	13	15.5394	10.7164	0.0581
7	9	15.8261	11.7711	0.0302
1	13	17.6318	11.3692	0.0634
1	9	15.2392	11.2162	0.0849
7	9	15.2045	11.3988	0.0585
6	10	16.9838	13.5127	0.0079
2	13	15.7617	11.6539	0.0482
3	14	13.4345	14.9931	0.0745
4	13	13.0747	11.2733	0.056
4	9	17.3871	10.588	0.0454
5	13	14.718	12.5164	0.0637
7	9	14.9432	11.625	0.0988
3	11	17.0115	12.3736	0.0459
3	10	15.4381	12.7127	0.0672
6	13	16.0156	13.0305	0.0495
3	12	16.5502	11.8862	0.0111
3	10	14.6447	12.7925	0.0019
2	12	13.1988	11.2188	0.0128
5	11	15.457	10.9202	0.0707
1	12	13.2018	11.5676	0.0882
3	11	15.7487	12.6816	0.0294
5	11	14.53	10.892	0.047
7	14	12.7077	11.4046	0.0559
3	9	10.8228	12.8294	0.0929
6	11	14.1652	12.1708	0.0872
1	10	16.8084	14.0539	0.0293
1	11	13.1797	12.2584	0.0549
5	12	16.709	12.6856	0.0845
7	14	15.8074	14.2038	0.0273
3	12	18.7593	12.3024	0.0346
5	10	14.0678	10.4422	0.0705
3	11	13.6557	10.1893	0.0886
7	12	14.0916	11.7715	0.0406
1	14	17.0361	9.8738	0.0796
4	10	17.173	12.786	0.0244
5	13	16.8745	14.0565	0.0642
6	11	13.824	10.9587	0.0053
2	12	12.8949	12.9304	0.0575
6	11	16.4501	11.3881	0.0564
2	9	11.0022	11.669	0.0721
6	11	13.5962	9.8601	0.0728
2	12	16.212	11.8591	0.0786
5	11	13.694	11.3624	0.094
5	11	14.4493	7.6469	0.0025
2	10	13.6965	13.9625	0.0832
3	13	14.203	12.5396	0.0934
3	12	15.3665	10.7475	0.036
6	10	15.2757	12.4957	0.0361
5	10	16.6491	11.1427	0.0591
2	11	12.7291	11.6408	0.091
1	13	16.3674	9.5693	0.009
2	14	14.6267	11.6143	0.0402
6	9	13.1494	12.9597	0.0996
7	11	12.7486	10.1742	0.0932
4	14	13.1086	14.4458	0.0381
7	13	8.966	10.3874	0.0714
4	14	16.0134	11.314	0.0947
3	14	14.3987	12.4481	0.0656
2	12	14.3134	12.3011	0.0382
6	12	16.0633	13.7353	0.0084
4	9	15.2336	13.7374	0.0368
4	13	15.5485	11.5562	0.0159
2	10	17.2785	11.5056	0.0304
3	10	13.7415	11.6852	0.0506
5	9	13.412	11.4787	0.0943
1	11	17.3742	11.8829	0.0687
7	14	17.2564	9.5135	0.0039
5	11	15.2322	10.9508	0.0643
6	10	13.6459	11.903	0.0276
5	9	12.4867	11.9761	0.0265
7	9	16.9519	11.305	0.0441
6	11	17.4203	11.3959	0.0437
5	12	12.3473	11.601	0.0395
4	11	14.0433	12.7452	0.0609
7	10	16.8449	11.7599	0.0879
5	9	11.8847	12.9894	0.0691
3	10	15.4788	8.7306	0.0997
6	11	13.1397	12.0448	0.0888
2	11	14.3879	11.1834	0.0889
2	13	15.6563	12.5089	0.0023
7	13	13.3613	13.4965	0.0085
6	11	14.9402	11.8728	0.0508
5	14	10.5701	13.7571	0.0425
2	13	15.6324	12.2821	0.0213
7	11	13.9492	12.4003	0.0959
2	9	15.7316	10.5541	0.0897
6	11	15.6426	9.8496	0.0333
5	12	15.4595	12.0435	0.0493
6	13	15.489	11.0381	0.0656
4	12	17.6773	11.8429	0.0779
3	10	13.4001	13.5876	0.0653
2	14	15.9403	8.9339	0.0872
6	12	14.1929	12.6924	0.0877
6	12	13.1747	11.5201	0.0274
2	12	15.753	12.0973	0.0668
3	12	16.2198	12.2464	0.0356
3	14	17.3584	13.3106	0.0974
1	14	11.7777	11.1664	0.0571
6	10	16.3481	8.4555	0.0807
2	12	17.1186	11.6586	0.0282
4	14	16.0507	13.3679	0.0307
4	11	14.7559	10.6433	0.0204
4	10	13.4463	11.5366	0.0525
1	10	15.2321	12.5374	0.0547
5	10	15.8255	11.9327	0.0808
2	14	15.8353	12.223	0.0113
3	9	14.6411	10.7777	0.0984
6	11	14.613	12.1474	0.0855
4	14	11.6729	11.1941	0.0346
2	10	15.3741	11.2885	0.0959
1	11	16.4756	14.6022	0.0256
5	13	16.286	12.1601	0.0261
2	9	16.0877	12.7893	0.0166
5	13	14.9745	13.3202	0.0465
5	11	15.645	11.6849	6.0E-4
4	14	18.8797	13.8548	0.0399
1	12	16.8924	12.3849	0.0359
4	9	14.0869	11.328	0.0488
4	9	15.0595	12.4012	0.0965
2	14	15.0402	12.692	0.0695
4	13	15.5855	9.4955	0.0689
1	9	15.5673	10.9452	0.0373
2	14	12.2529	13.0689	0.0694
5	12	13.9983	12.092	0.0339
5	9	15.9191	11.9908	0.0376
3	13	12.6917	12.5667	0.0144
1	10	14.2077	11.0802	0.0031
5	11	12.5019	12.5085	0.0172
7	12	15.3974	11.9017	2.0E-4
4	11	18.8606	14.3916	0.0705
7	13	13.38	12.2142	0.0073
1	12	14.8963	12.0455	0.0063
2	14	16.2323	11.2692	0.0977
2	12	16.7087	14.2563	0.0552
7	9	15.1938	10.7848	0.0303
5	10	15.6695	13.1638	0.0622
2	11	14.1165	10.7266	0.0811
3	9	15.6071	10.945	0.0451
3	10	13.0995	11.0168	0.0102
7	9	14.2717	11.726	0.0027
4	13	17.4478	11.0261	0.0741
3	9	15.5334	13.1908	0.0716
3	12	16.9013	12.7389	0.0463
6	13	17.169	10.7323	0.0968
6	10	13.9022	10.9394	0.0683
5	12	11.3142	13.5809	0.0505
2	13	16.1407	12.9731	0.0822
6	13	17.4652	14.5343	0.0217
4	11	15.0736	12.3863	0.0511
2	13	17.6694	13.3361	0.0649
1	14	17.0862	9.8029	0.0083
4	9	14.2402	12.1796	0.0285
3	14	14.4883	12.0097	0.0469
7	9	12.3589	11.2805	0.0833
7	10	13.4801	12.2655	0.0198
5	12	12.5246	13.4078	0.091
5	9	17.5077	11.6361	0.0375
4	11	13.1258	10.8175	0.015
6	14	13.7921	13.0175	0.0517
1	12	15.1188	13.4355	0.0483
2	9	13.3593	10.1591	0.0278
6	9	15.7734	10.8579	0.0949
4	10	12.5629	12.1725	0.0514
5	11	18.5725	13.3696	0.0169
7	12	13.3648	11.5618	0.0162
4	14	17.4062	12.2614	0.0354
6	13	12.0564	12.52	0.0298
6	13	17.3517	11.9218	0.0064
5	9	13.925	12.1227	0.0722
2	9	15.9235	9.3162	0.0616
5	14	16.7725	10.3521	0.0423
6	12	17.0639	12.2205	0.0615
1	13	13.3067	11.0802	0.0816
7	12	16.6119	12.786	0.0866
1	9	15.4431	9.6185	0.037
6	10	17.0254	11.0541	0.0847
3	10	16.8859	11.6354	0.0103
2	13	18.2889	11.8782	0.0659
5	13	15.9514	10.2763	0.0302
5	10	14.2716	11.5637	0.0911
5	14	15.2286	11.5388	0.0402
2	13	15.2029	13.8948	0.0241
4	12	14.3874	13.3231	0.0273
4	10	15.0746	11.6054	0.0138
5	14	15.7715	10.0911	0.0398
5	10	16.4931	12.2071	0.0737
6	11	17.3715	10.7195	0.0951
3	14	16.2219	12.5708	0.0474
7	9	15.4304	11.8466	0.0923
1	10	17.6569	10.9054	0.0132
2	11	14.0459	12.8582	0.0767
7	9	14.5837	9.7679	0.0078
6	14	11.6392	11.8749	0.0594
5	14	13.0579	12.7939	0.0866
4	13	18.2807	14.6641	0.0435
3	12	16.5727	12.6138	0.0567
3	11	15.1227	12.8968	0.0883
1	14	17.5683	13.3999	0.0536
6	11	13.4212	10.5987	0.0804
7	9	14.1155	12.4979	0.0864
5	10	16.1593	11.4495	0.0626
5	9	16.9813	12.2566	0.0158
1	13	14.56	13.7525	0.0986
7	11	13.8793	10.1912	0.0295
5	9	14.9927	10.6323	0.0737
6	10	13.6717	12.3602	0.0181
1	9	11.9025	9.4522	0.0143
5	9	13.4846	12.0654	0.069
1	12	16.0464	8.8027	0.0725
2	12	15.2894	12.2795	0.0741
6	14	16.3963	10.2552	0.002
1	11	14.0146	10.2621	0.0921
7	10	16.4435	12.1529	0.0021
1	13	13.1836	12.7846	0.0909
7	13	15.1313	10.0959	0.0358
1	9	13.6749	15.6484	0.0819
5	10	11.1948	11.3118	0.085
4	11	8.5639	10.0297	0.0801
4	9	15.4443	13.0273	0.0765
5	11	14.1547	12.6726	0.0363
4	10	13.7076	12.4989	0.0979
2	14	11.2017	12.5686	0.0384
1	12	15.5291	12.3758	0.0488
3	14	12.603	12.0872	0.0158
3	10	13.9819	11.7891	0.0572
3	12	12.7884	13.0186	0.0035
5	10	11.9644	12.3636	0.0105
6	12	13.9449	11.0044	0.0884
2	13	13.3074	11.9519	0.0762
6	10	19.03	13.1355	0.0325
3	10	16.8144	12.176	0.0092
4	9	13.4463	12.1649	0.0091
5	11	16.8669	10.2874	0.0606
7	9	17.0336	13.4657	0.0604
5	9	14.8546	10.1036	0.0641
5	12	13.4226	11.099	0.0299
2	12	15.6463	9.8191	0.0584
1	14	14.5622	12.1479	0.0919
1	10	15.3307	11.4481	0.0546
6	14	13.5452	12.5852	0.0391
4	13	15.5351	14.5074	0.0686
1	11	15.6169	9.6049	0.0408
4	13	13.7442	12.1816	0.0745
3	11	12.0982	11.6964	0.0708
7	13	15.8686	11.6417	0.0129
1	14	13.8706	13.5944	0.0558
4	10	15.7445	9.896	0.0305
5	13	16.0876	13.2834	0.042
4	12	16.6306	11.5369	0.0081
2	14	15.0294	11.3302	0.0212
2	12	13.1221	11.8785	0.0227
4	11	14.6121	10.4928	0.0438
3	12	15.3535	11.1904	0.0972
6	14	14.7387	10.776	0.0018
6	11	16.6595	11.5254	0.0827
7	12	12.9863	10.4209	0.0421
7	11	16.8197	13.5651	0.0485
5	9	12.7229	12.4966	0.096
6	9	13.4927	11.1939	0.0843
3	12	16.1735	12.0811	0.0731
2	11	15.5843	12.8963	0.0392
1	10	13.6084	13.1306	3.0E-4
5	12	12.0154	11.7524	0.0173
1	12	11.7556	14.4679	0.0169
2	13	13.9494	12.0029	0.0802
6	9	14.1389	9.8226	0.0464
1	11	16.4084	11.3172	0.0934
6	11	12.0234	12.2567	0.0956
5	11	12.469	10.8708	0.0992
3	10	13.8036	10.792	0.015
6	13	13.9837	11.2394	0.0446
4	14	15.5408	12.7568	0.0607
1	13	14.9231	13.4465	0.0634
6	12	16.5991	10.3791	0.0926
5	10	16.5022	10.843	0.0685
5	9	11.9682	11.6487	0.0199
6	12	12.9033	12.2028	0.0812
3	9	13.5937	12.3014	0.07
7	12	14.7597	10.9894	0.0391
7	9	15.6222	13.0909	0.097
3	9	16.4116	11.6393	0.0373
3	11	14.2208	12.7585	0.0369
6	11	12.4128	12.8132	0.0607
1	11	15.3503	14.5734	0.0754
5	11	13.6445	13.6332	0.0429
4	13	14.3689	11.8982	0.0378
1	14	14.6406	13.5129	0.0107
3	10	14.6397	10.4392	0.051
2	10	16.4848	13.615	0.0395
1	12	16.1514	12.332	0.0711
1	14	13.8764	11.0531	0.0949
5	14	16.3772	12.5084	0.0636
2	11	14.0448	11.0194	0.0206
4	12	15.7687	9.5523	0.0423
7	13	15.7749	10.6574	0.0169
3	10	13.3256	10.9564	0.0663
6	9	13.428	12.7117	0.0061
1	9	13.8357	12.8179	0.0356
7	11	13.3546	11.0773	0.0303
5	11	15.4834	10.3688	0.0275
1	13	15.8776	11.7322	0.0586
6	14	17.3508	12.2415	0.0343
6	10	15.4798	9.6899	0.0887
1	10	13.6694	12.1315	0.0819
6	12	12.9149	10.9344	0.0341
7	11	12.7283	11.2201	0.0841
3	14	16.0037	11.482	0.0828
5	9	14.2831	10.6251	0.0761
2	9	15.3257	12.2801	0.052
3	10	13.0469	12.626	0.0569
2	12	15.7784	11.024	0.0748
4	11	14.0766	11.5287	0.0661
3	11	14.2156	11.4955	0.0015
1	10	17.0843	12.3716	0.0258
1	12	16.8952	11.7417	0.0113
1	10	14.5643	12.4736	0.0131
7	13	13.9509	11.0634	0.0327
4	9	14.7651	10.1678	0.0014
5	11	14.5911	12.668	0.0179
2	13	15.1797	12.867	0.0236
6	9	17.8647	13.041	0.0517
5	11	14.8698	12.6128	0.0368
2	14	15.7092	12.3109	8.0E-4
5	9	17.879	13.793	0.0115
7	13	16.1117	12.4111	0.0914
3	9	12.43	10.474	0.0444
1	12	14.4342	11.8055	0.0993
7	11	12.4058	11.1369	0.0623
1	13	17.5835	12.2404	0.0514
4	12	14.6752	14.0524	0.09
4	12	16.3728	15.0665	0.0181
2	11	17.167	9.9197	0.0102
6	13	13.443	11.6589	0.0792
2	13	16.0861	12.2898	0.0212
2	13	14.7419	12.8722	0.0766
7	12	15.9051	12.7283	0.0582
7	12	16.2799	12.4984	0.0483
5	9	16.0367	12.4428	0.0117
6	11	12.6416	13.8981	0.0528
5	13	16.1617	11.2667	0.0192
2	13	15.3553	13.4853	0.0685
1	14	14.7347	12.5633	0.0578
3	14	18.5519	9.7007	0.0794
6	10	14.0665	13.5361	0.0422
2	11	16.0466	11.1682	0.0743
3	12	15.6503	11.6613	0.0703
7	12	13.7566	14.3486	0.0839
5	10	16.2632	12.8925	0.0804
4	13	14.2225	11.2978	0.0088
3	11	13.6182	11.4235	0.0046
5	14	14.4518	13.1252	0.0109
7	11	13.3177	12.136	0.0878
4	10	16.3756	11.3079	0.0603
2	14	16.7185	12.0521	0.0864
3	11	14.5605	13.7135	0.0332
4	14	14.0421	13.3119	0.0171
4	10	13.7643	13.8839	0.0781
5	9	12.8022	12.9445	0.0694
5	11	14.0393	11.8275	0.0408
6	11	14.6776	13.0289	0.0644
2	11	19.0138	10.8292	0.0464
6	14	16.3566	13.233	0.0507
1	14	15.2481	10.3594	0.0917
1	14	15.3542	10.5086	0.063
3	9	11.0838	12.1342	0.0075
3	12	11.5669	12.5616	0.0217
2	14	14.188	12.6981	0.0703
6	10	13.3776	12.7939	0.0153
4	12	15.2809	10.4639	0.0274
4	12	13.6305	10.762	0.0497
5	13	11.2218	11.3192	0.0845
2	12	14.5586	11.8659	0.0232
7	14	13.4032	13.1001	0.0947
6	14	14.3356	11.8272	0.0577
3	11	14.8561	10.3495	0.0163
6	14	15.5182	12.7313	0.0289
7	14	13.0565	12.49	0.0905
1	14	13.7856	13.1941	0.0267
2	12	16.9473	12.8447	0.0699
7	12	17.8077	13.1828	0.0744
4	12	15.784	13.9355	0.0135
3	14	16.5562	12.4416	0.0815
2	13	15.9247	11.9469	0.0243
7	10	15.4616	11.2624	0.092
7	13	13.6657	12.4187	0.0714
3	10	16.0881	13.254	0.0864
4	11	15.7648	12.5552	0.058
2	11	14.3341	13.9024	0.027
6	11	17.6902	12.0932	0.0791
6	10	12.086	12.57	0.0774
2	14	15.9887	12.3253	0.0673
4	13	14.506	10.9548	0.011
1	11	16.5256	11.0247	0.0573
5	13	12.7374	10.7408	0.0611
2	10	16.7769	12.1016	0.0466
1	14	16.7318	12.5226	0.0746
5	9	14.6507	12.3906	0.0312
5	13	15.1154	11.6982	0.0385
7	10	18.1876	11.1025	0.0618
3	13	17.6148	11.1233	0.0253
2	13	15.3457	14.3642	0.001
4	11	15.2796	12.1123	0.0376
7	14	13.7644	11.8946	0.0684
1	13	15.5028	11.6462	0.0598
4	10	15.7376	11.6117	0.0434
1	11	15.7492	11.3079	0.0537
4	12	17.8205	13.3639	0.0922
6	14	13.8058	12.677	0.0632
6	13	17.9459	11.9702	0.0165
7	14	15.0312	13.5588	0.0647
7	10	12.8483	13.2213	0.0514
6	14	15.1578	14.3726	0.03
3	9	16.6229	11.329	0.0407
4	9	13.6547	11.6966	0.0554
1	12	14.3334	14.0234	0.0216
7	14	14.8359	11.0173	0.0449
2	13	12.8449	12.667	0.0968
6	9	13.4991	12.4513	0.0034
1	13	17.1262	10.3804	0.0827
2	12	14.5968	13.1386	0.0777
7	11	13.8431	12.7344	0.0744
4	12	17.2357	9.3702	0.0357
1	9	14.6969	14.3874	0.0987
3	13	15.3537	12.1942	0.0232
7	9	17.9496	11.6993	0.0071
3	10	15.2724	10.7947	0.0707
5	12	14.8802	13.4022	0.0597
6	11	17.9907	10.663	0.029
1	13	12.5547	14.0125	0.0852
4	12	13.7792	11.3526	0.0271
6	13	15.8402	13.393	0.0625
3	11	15.7232	12.2873	0.0469
3	13	17.8229	13.1119	0.0032
6	10	19.1316	11.8792	0.0896
6	10	13.8228	14.1793	0.0843
3	11	14.5496	12.6082	0.0555
4	10	14.3887	11.1108	0.0615
4	9	15.823	8.8148	0.0798
2	9	12.9172	11.0872	0.0195
3	10	14.1344	10.9531	0.0438
3	11	14.3882	12.3299	0.0397
4	10	16.8038	13.2338	0.0179
7	14	16.3137	11.3906	0.0381
1	13	18.2564	13.4227	0.053
4	10	18.4604	13.1662	0.0253
1	13	12.6396	11.1044	0.0112
3	11	14.2229	13.2095	0.0114
4	13	15.3863	11.9641	0.0659
5	11	19.3969	13.8936	0.0477
2	13	14.1111	11.1876	0.0571
1	13	15.5204	10.7881	0.0329
1	13	14.4671	12.9732	0.0307
1	13	15.0431	15.275	0.0436
2	12	10.9369	12.08	0.086
3	9	15.7983	10.5966	0.0899
4	11	14.6089	12.2482	0.0547
6	13	15.523	13.3998	0.0466
7	11	15.6023	9.8305	0.002
6	14	13.8103	11.2145	0.0448
5	9	16.0404	10.5922	0.098
6	14	13.5156	12.399	0.0491
19	9	8.1484	15.4097	0.0173
19	18	68.5341	40.0867	0.2477
21	6	58.3869	40.4684	0.2718
5	16	32.0862	44.2497	0.1427
1	13	96.3473	6.7656	0.0488
14	1	69.9847	40.5689	0.2656
10	24	64.1362	45.1075	0.0668
9	17	96.4338	34.9236	0.1803
8	24	0.3342	13.6158	0.2443
18	5	37.5288	10.4853	0.1929
17	14	37.9091	37.4289	0.1941
1	9	20.0432	33.1489	0.0054
22	13	33.1731	33.0037	0.0425
24	6	54.5282	35.7053	0.0533
4	2	26.2469	10.5383	0.1962
4	5	72.7489	37.4666	0.1048
17	12	45.0345	39.8451	0.0626
3	2	84.1639	10.2241	0.0672
13	11	28.4837	28.6979	0.0835
19	21	5.858	4.9592	0.2832
15	13	44.1486	14.7402	0.0853
6	16	65.5001	12.5724	0.1558
23	1	60.5593	24.1934	0.0956
17	9	23.5773	41.4462	0.2392
15	1	38.8711	6.8596	0.1259
6	13	78.6601	22.957	0.0856
12	2	62.4057	10.6269	0.0393
5	22	26.0998	16.227	0.295
16	14	87.7896	48.6491	0.2996
8	12	79.7628	45.8689	0.2366
14	10	73.7237	49.4821	0.267
2	18	5.3088	12.5117	0.1624
15	5	98.9748	18.1933	0.0548
3	18	71.5861	31.4573	0.2089
9	11	18.9838	26.2648	0.163
20	7	9.6379	27.2239	0.1979
11	19	0.549	15.4369	0.1403
3	18	44.7087	13.311	0.1013
21	4	12.1772	45.2682	0.0509
6	23	66.9889	11.3661	0.0245
20	6	62.1541	5.3559	0.192
8	4	31.9644	0.1824	0.0716
12	9	42.2088	49.1351	0.0423
15	1	80.9707	46.6189	0.176
15	10	95.5889	46.2244	0.0159
1	2	99.7016	39.2639	0.2152
3	19	79.9317	7.1139	0.2025
14	6	56.3236	47.2787	0.1869
12	3	13.6736	28.6309	0.0589
13	11	33.0552	42.4103	0.2633
3	8	28.1574	6.0709	0.1233
9	1	11.6973	48.0007	0.0488
6	6	16.5603	45.3331	0.1486
7	11	2.2491	42.9674	0.2778
9	22	91.0398	30.6595	0.2559
21	18	39.7827	31.9261	0.2105
13	14	57.5021	6.6976	0.0932
20	10	60.3798	15.4448	0.0493
19	5	97.4507	8.1348	0.2149
12	3	32.4629	47.9237	0.1938
4	20	97.4316	32.9565	0.2037
23	14	67.1364	29.4661	0.0272
12	21	83.347	45.8748	0.1785
6	14	72.6983	7.2268	0.2616
1	14	59.821	41.2306	0.1663
14	22	23.2294	29.0993	0.0355
4	3	2.1479	25.3824	0.0258
18	14	71.7893	24.1947	0.2446
21	20	91.6299	17.8342	0.0306
22	23	88.4336	24.6884	0.245
2	23	35.1879	42.1253	0.0848
21	20	65.6542	18.9055	0.0723
3	17	1.5815	26.9653	0.1841
13	10	64.4625	19.5652	0.0238
13	2	65.3078	0.0683	0.1297
14	5	57.353	10.9639	0.2245
12	9	43.1856	41.4751	0.2549
8	7	34.7515	1.451	0.1333
5	20	75.0745	14.5067	0.1831
21	20	25.8815	20.6362	0.2036
11	5	39.9593	25.7051	0.271
24	18	78.7446	29.407	0.2938
8	17	21.9387	31.8425	0.1549
8	18	47.7027	27.5695	0.1161
23	19	87.9013	2.735	0.0495
20	19	92.7955	40.9789	0.113
7	16	22.6333	19.3	0.1915
24	21	41.3016	24.0389	0.1576
14	4	78.4126	1.4931	0.1975
3	13	19.5674	45.6249	0.0141
20	15	94.9387	14.3733	0.2558
6	15	69.155	26.7815	0.1209
18	11	4.9098	43.1492	0.0244
3	11	21.4332	23.9019	0.0245
4	22	8.3276	17.003	0.1885
22	3	79.1422	46.6872	0.0337
22	16	57.7976	4.9043	0.1777
5	8	95.2668	35.2257	0.0186
9	20	66.7997	14.2797	0.2951
17	2	56.8133	28.3135	0.2063
6	1	78.695	17.5126	0.2194
17	23	86.055	12.1804	0.1941
4	1	60.3592	4.3628	0.2705
1	14	5.4768	12.6779	0.0354
7	22	72.5349	36.5085	0.1153
2	11	80.8823	13.0249	0.1851
13	2	93.3099	6.167	0.0086
21	7	57.0898	18.7228	0.2166
5	3	86.5282	44.259	0.2038
16	6	23.3869	33.0464	0.0929
5	8	71.8663	11.3446	0.0646
18	16	99.5992	43.3068	0.1458
11	11	80.4581	22.5764	0.1883
3	4	26.6242	46.2594	0.1196
7	6	36.5228	49.7149	0.29
23	16	49.9956	33.8558	0.1497
18	20	59.9838	30.3108	0.2129
14	9	12.7771	27.7632	0.1549
17	23	8.3478	9.0553	0.0083
4	19	71.263	41.8533	0.132
11	24	1.711	36.705	3.0E-4
23	11	92.1388	14.8836	7.0E-4
22	18	9.2369	17.7666	0.2504
4	3	9.9152	17.8873	0.0553
17	23	22.624	13.2189	0.1208
18	10	31.6194	23.8857	0.2917
23	15	35.2475	14.008	0.1317
6	24	50.5856	5.8547	0.1042
1	1	5.3727	7.0765	0.1994
6	10	63.5657	10.6455	0.1651
4	2	69.0091	0.1902	0.0757
24	15	20.7398	8.2438	0.2504
20	3	90.3074	24.7161	0.1809
13	10	89.0677	20.0903	0.1212
18	5	77.4081	44.0196	0.0898
21	4	96.7363	47.1182	0.2867
12	6	84.4926	37.9197	0.0295
2	16	97.7782	34.247	0.0809
16	9	76.622	8.8517	0.1402
13	13	86.3062	2.7688	0.2401
3	5	13.5612	31.051	0.2598
19	9	3.1981	10.0784	0.0125
13	15	91.2249	34.4068	0.2502
20	23	84.663	17.4756	0.2103
22	2	36.068	34.0054	0.072
4	15	98.2568	23.4879	0.0503
19	16	90.1372	21.2352	0.233
11	6	52.583	35.8575	0.0271
2	13	6.4805	37.5093	0.2872
7	5	84.4814	4.2361	0.0219
22	21	4.3602	3.649	0.2724
11	16	10.5186	9.3747	0.0106
2	6	32.1266	13.7827	0.2449
10	23	5.323	45.1873	0.2078
5	24	1.9684	0.6326	0.0653
22	3	64.564	46.2294	0.2175
6	24	50.6962	42.1371	0.0895
8	22	5.4057	33.4296	0.0322
13	3	41.5503	40.3306	0.2525
18	21	28.7357	32.5258	0.1015
12	12	4.0467	41.2981	0.0548
21	15	6.9824	15.584	0.116
8	10	59.7711	10.9668	0.0425
13	21	44.2462	20.6042	0.001
2	10	20.713	24.3112	0.2114
19	15	58.3843	2.196	0.222
22	21	29.5405	3.174	0.2371
12	4	73.1954	24.203	0.2666
11	24	7.8456	12.5172	0.0638
16	5	78.135	21.6761	0.1434
23	23	53.8251	42.6892	0.1842
7	18	69.9978	3.997	0.0483
17	4	42.7803	15.6267	0.0568
9	8	30.324	45.7005	0.0342
12	7	94.8623	3.4556	0.0973
10	24	97.8282	46.9305	0.1384
6	18	39.2436	4.4853	0.2465
18	9	88.0643	29.2798	0.1867
5	21	41.3048	9.6878	0.096
23	11	62.2847	11.0565	0.0626
23	20	93.6302	36.737	0.099
24	6	22.4279	8.671	0.1117
7	4	65.0459	2.9643	0.2351
19	14	53.9769	0.8007	0.0531
2	10	57.2198	29.2081	0.1598
1	7	53.9658	19.0727	0.1568
19	15	13.6554	44.8354	0.0572
23	22	30.4748	2.4478	0.2017
11	2	16.1293	20.8517	0.0571
3	11	70.2133	26.0277	0.0553
7	6	88.0614	28.1135	0.0504
3	10	35.6261	28.9863	0.2979
7	4	90.548	8.422	0.2081
4	16	71.1	8.3737	0.1612
16	18	85.9058	45.8711	0.2132
10	13	40.3988	0.4155	0.0847
23	8	95.3164	30.022	0.1961
9	18	82.3957	43.9372	0.2958
22	14	83.1992	13.2867	0.0229
22	3	41.7125	9.2441	0.0868
1	15	52.1544	46.1251	0.0112
12	1	65.3007	39.3361	0.044
9	14	59.8148	48.5322	0.0673
15	17	88.223	36.2999	0.251
16	14	64.6981	2.2207	0.2771
17	13	3.2838	45.1273	0.2608
3	22	33.5177	2.3743	0.0214
6	6	34.4887	35.0196	0.1762
2	10	74.8058	12.3048	0.0799
4	17	59.6167	16.2356	0.2471
13	12	84.0342	37.9633	0.2417
11	20	20.0392	34.1293	0.2447
23	20	85.5141	46.434	0.2946
8	2	52.523	0.5009	0.2618
1	3	75.3996	12.7942	0.217
4	2	50.2311	49.0154	0.0831
21	22	13.7945	24.1159	0.0097
10	1	81.7432	11.0519	0.184
5	11	34.8224	39.2341	0.2899
6	8	98.2562	5.3645	0.2127
10	4	76.8873	44.9348	0.1581
4	3	81.3686	10.8818	0.2291
24	21	36.2388	4.3759	0.0613
10	22	35.6375	16.1163	0.1331
7	23	30.0275	10.0232	0.176
11	16	29.4854	10.4819	0.1423
21	18	1.1258	26.0666	0.0332
22	17	14.0883	29.7395	0.0184
15	10	41.5605	47.7873	0.2995
7	24	42.3061	39.3497	0.0901
2	7	77.3701	29.2411	0.0681
9	3	54.7585	28.3831	0.0901
11	9	40.0715	3.2574	0.1839
12	24	79.3714	19.6866	0.2971
6	7	4.4576	10.9669	0.0335
6	12	30.3253	27.943	0.0989
15	6	53.1563	38.9304	0.1341
14	8	51.9659	12.1709	0.1592
13	21	84.0479	15.1432	0.174
17	22	19.5978	43.8959	0.0627
14	14	33.0214	8.945	0.1134
21	1	18.4925	2.5807	0.2894
14	24	72.6609	42.0466	0.0024
12	20	71.7717	47.8761	0.0336
7	4	83.758	10.8457	0.0753
8	15	62.4401	47.8374	0.2709
20	15	18.1688	46.4224	0.2566
11	2	84.634	26.3795	0.1397
8	13	0.4655	1.9459	0.2434
1	4	52.9553	33.6115	0.1351
10	7	72.5044	32.9736	0.1243
20	10	65.3766	27.4305	0.2999
5	1	31.651	43.5123	0.0283
21	2	55.198	18.2437	0.2895
6	11	11.5478	45.3349	0.0444
24	22	66.3022	13.9577	0.2727
3	10	35.2105	31.8598	0.1164
2	6	10.6813	10.1661	0.0433
17	1	11.5365	0.3819	0.0727
16	20	96.7344	4.9961	0.2576
10	7	20.7824	44.1428	0.0773
15	3	3.6764	44.4025	0.1325
11	13	48.9625	2.1147	0.2187
12	6	27.1873	17.9278	0.2469
3	20	38.9816	14.0396	0.256
24	12	1.1149	43.6671	0.0491
5	4	85.988	22.806	0.073
16	7	15.0826	16.1011	0.072
1	3	66.1322	37.0922	0.2473
8	24	33.9849	43.6014	0.2671
23	13	67.5839	41.8176	0.1445
14	6	62.2554	20.497	0.2289
18	21	72.0556	8.6427	0.2338
8	6	52.3126	17.8319	0.2597
1	6	90.4262	11.1796	0.2981
19	22	4.6866	32.336	0.2275
11	19	18.6193	43.8417	0.1866
18	20	64.3822	18.3754	0.0498
2	11	3.8698	36.037	0.29
6	20	39.5259	24.5446	0.0778
5	10	58.8238	7.2109	0.2842
21	7	80.2307	48.5872	0.288
15	7	95.0305	5.4421	0.2094
14	3	7.5412	6.0231	5.0E-4
24	12	83.371	42.3552	0.234
8	3	95.4431	38.4003	0.1397
18	9	14.9576	14.6858	0.1084
15	13	11.4853	3.9445	0.1886
6	14	88.6959	7.3159	0.1892
1	8	83.4795	7.5225	0.0376
20	13	57.835	17.4732	0.1354
10	24	68.4405	14.3662	0.2649
9	21	78.5425	38.7392	0.175
8	6	30.116	20.4064	0.0499
22	3	51.8406	40.563	0.2546
19	9	65.8458	33.2696	0.2276
4	8	46.1085	14.7782	0.073
6	10	40.7227	36.5118	0.2544
3	12	57.3739	3.8842	0.1039
21	20	9.2523	14.4256	0.2326
21	24	44.1133	42.6935	0.0149
21	23	48.5212	33.1878	0.2812
13	22	40.6867	17.188	0.2488
21	3	16.1083	14.4285	0.1889
9	6	49.9669	24.8319	0.1327
22	17	45.201	40.5097	0.0911
9	17	69.1738	27.5921	0.2551
7	19	2.3922	8.3886	0.0544
23	1	90.1152	3.1539	0.2432
22	10	5.4744	22.1899	0.2045
24	24	56.222	43.1525	0.0982
13	11	25.361	48.5291	0.2289
13	22	22.617	38.189	0.248
14	16	35.7898	3.7596	0.2703
9	18	51.3681	27.0911	0.0672
9	1	7.5557	34.0952	0.0109
16	19	51.9916	21.6888	0.2595
15	8	32.4088	46.6482	0.0616
19	20	71.2845	3.4096	0.1559
7	15	46.0249	2.6002	0.0909
24	24	41.5806	45.655	0.0895
12	8	76.4921	36.8615	0.14
21	24	93.7961	16.3876	0.162
21	16	99.1699	36.8175	0.1421
18	18	95.1115	36.4498	0.1351
19	8	44.2578	17.0799	0.0289
20	7	95.6397	8.3491	0.1065
16	4	35.4845	6.227	0.0359
14	2	66.9897	13.1073	0.1418
22	16	92.5373	33.4923	0.2074
11	17	30.0765	4.2996	0.0592
5	15	36.9122	5.7453	0.036
12	16	26.0301	15.5166	0.289
2	14	14.5686	31.4527	0.1308
7	1	0.1974	6.8437	0.1235
15	7	59.2905	12.1101	0.0633
9	4	9.9831	14.2645	0.2166
3	10	5.1939	39.5798	0.2802
14	19	95.5698	33.6206	0.1687
16	17	83.0275	23.6188	0.0899
18	9	16.3741	35.443	0.0832
12	17	58.071	40.6615	0.199
16	19	63.1613	21.5828	0.037
17	1	17.4845	3.5947	0.1527
11	4	23.7394	40.5982	0.1329
19	12	98.9371	38.0341	0.1687
7	14	92.1598	36.054	0.2998
16	5	75.4315	36.2582	0.2361
6	23	15.5072	44.1368	0.1287
14	4	66.1135	49.2573	0.1555
20	14	28.4601	30.6562	0.0826
5	18	93.9832	32.9039	0.0985
21	5	14.5334	47.9915	0.282
16	13	30.117	22.2805	0.1616
9	22	7.793	23.0645	0.0823
19	24	77.6081	34.4211	0.1628
2	24	17.9084	24.715	0.2757
13	22	96.7676	29.2267	0.1224
12	19	70.905	12.8618	0.1723
18	13	98.8307	33.086	0.2683
12	13	20.1382	24.7969	0.2585
6	2	8.0376	5.3629	0.1949
16	1	37.8575	0.4363	0.1956
2	17	3.9799	45.8274	0.0846
4	9	93.7586	6.573	0.123
16	8	75.2827	33.069	0.1585
3	8	64.7669	49.3048	0.2648
14	5	69.0873	25.7179	0.0853
11	7	81.0471	41.2917	0.2394
21	5	67.5449	29.223	0.0046
8	13	10.4367	3.8528	0.2602
21	15	1.376	38.3826	0.0133
11	12	84.344	6.4128	0.059
17	21	74.3073	4.3466	0.2172
8	14	7.7867	12.7408	0.03
14	11	91.9947	47.1041	0.0856
14	19	68.2376	39.885	0.0897
15	4	28.5699	13.066	0.0127
16	2	31.8373	34.039	0.2844
21	3	11.5762	16.5476	0.0428
4	10	87.2291	12.274	0.0767
5	17	76.2929	18.4544	0.1979
13	12	5.1862	30.8056	0.1059
1	2	90.7156	22.9612	0.0708
18	8	96.4791	36.8651	0.2312
21	13	24.7622	8.1787	0.0492
20	18	31.7899	3.3701	0.2788
21	20	62.4604	35.6059	0.1867
19	23	88.1163	38.533	0.0636
23	10	56.9693	43.3731	0.1505
15	10	13.236	8.9674	0.016
23	15	24.7011	4.8975	0.2878
15	2	88.8045	4.1744	0.0879
15	16	85.5949	17.6085	0.2248
23	1	34.0587	49.4995	0.1478
17	9	75.7456	10.3789	0.1629
8	14	42.565	5.3726	0.0655
14	1	89.3227	28.7051	0.0693
9	13	31.5789	24.241	0.0047
24	13	88.2888	8.1349	0.055
1	17	2.0449	15.8848	0.2709
10	1	56.5096	40.7613	0.0146
21	1	19.8029	8.7239	0.0896
15	3	27.0877	38.246	0.2432
23	5	92.1256	35.4912	0.105
20	13	91.4538	35.3803	0.0755
3	10	55.978	41.7781	0.2746
22	9	40.6225	40.1601	0.2401
5	4	29.6272	18.6055	0.1547
20	18	25.5376	41.3876	0.0811
15	9	61.022	11.6435	0.1091
17	4	8.7246	7.0059	0.0443
2	21	71.0472	27.6285	0.1977
21	19	71.1238	36.2367	0.1186
13	14	97.8554	0.7644	0.1354
6	21	40.1092	44.7214	0.0716
13	2	0.4214	11.4554	0.244
4	5	6.0316	0.7126	0.0317
24	10	25.9393	25.2548	0.1958
15	20	86.969	46.4242	0.2198
6	20	60.5254	9.6473	0.1104
6	10	76.1235	28.2983	0.04
17	17	16.6987	27.182	0.1105
18	11	66.3022	14.2933	0.2018
6	22	36.3742	41.5523	0.2465
9	13	42.8066	11.2375	0.1115
4	15	73.11	44.5359	0.0885
20	11	51.9939	21.1498	0.0288
12	17	50.7219	47.6299	0.2201
9	11	65.5205	26.8037	0.0194
11	14	32.3197	32.5541	0.2828
15	5	2.4516	26.4655	0.276
17	9	89.7548	30.1399	0.1507
5	6	61.821	10.4946	0.0052
16	24	25.783	40.0708	0.0331
5	9	58.3853	23.7231	0.185
2	16	36.6895	7.2131	0.0221
23	13	40.2639	30.7201	0.1576
23	15	72.4192	34.7333	0.2971
6	22	76.8323	11.1093	0.1701
6	2	40.2483	6.114	0.2801
3	8	45.6829	39.8889	0.0922
12	20	57.1621	41.7298	0.1388
22	24	2.2074	14.2744	0.1405
10	10	0.0173	38.0375	0.2716
13	6	43.8261	4.5394	0.1852
19	20	32.2777	25.1737	0.1111
4	1	9.211	8.4487	0.0377
22	22	5.1901	1.6857	0.159
5	7	23.002	25.6301	0.0704
15	16	81.9771	2.207	0.1334
9	24	31.3085	45.3318	0.2409
18	2	62.4343	6.6094	0.1255
15	19	5.8692	18.5653	0.243
9	10	17.4563	22.9425	0.1887
8	8	44.8706	18.4401	0.0425
10	8	43.5621	0.3658	0.1037
18	7	68.9413	7.0353	0.0683
9	19	82.8335	29.8904	0.1884
4	11	98.5255	5.01	0.2168
10	21	56.9053	32.3774	0.1817
1	1	88.4057	46.2521	0.1842
6	14	42.8984	15.2476	0.1433
2	12	77.033	32.9567	0.2947
11	5	12.812	2.9699	0.0151
22	14	53.2629	12.7508	0.1196
18	15	0.8874	41.2633	0.1221
7	21	23.0309	4.7354	0.193
5	6	13.6735	43.1107	0.0413
22	13	51.0735	14.9858	0.0444
7	20	80.1534	14.1167	0.2405
8	19	22.68	13.048	0.1949
2	4	11.2733	43.1054	0.2671
8	16	96.4229	49.9805	0.0428
19	7	85.1879	37.3948	0.0541
2	2	72.3601	29.927	0.0831
14	24	42.0256	37.7433	0.1703
5	7	53.4429	35.5967	0.2961
5	19	62.0784	26.7324	0.1045
17	12	48.4135	40.7908	0.2086
19	13	7.327	40.4529	0.0107
21	16	53.1136	35.1297	0.0918
22	20	21.7966	48.0304	0.0076
21	6	21.0794	20.4409	0.2247
7	14	32.2144	26.2307	0.1622
23	9	24.1434	8.013	0.1002
24	8	25.4858	31.5818	0.2555
9	4	54.1125	42.7143	0.2643
10	15	65.9047	22.6762	0.2128
13	22	43.4844	22.0214	0.1227
8	11	44.9201	2.2557	0.0084
16	19	25.3164	40.0789	0.2088
16	9	51.6613	48.1528	0.0632
7	15	80.7744	37.1394	2.0E-4
8	11	43.0149	9.2988	0.1101
19	3	80.0776	4.0349	0.0794
14	18	49.0068	19.5811	0.1995
9	13	56.4438	2.0535	0.2144
8	5	10.7285	6.4098	0.1693
3	4	94.2182	41.6609	0.008
13	12	2.1744	32.8993	0.2776
15	16	10.9984	41.6089	0.0182
3	5	83.0318	26.9953	0.0047
5	22	30.1201	34.1532	0.2539
4	22	88.4474	34.7	0.1
7	18	43.8251	32.2217	0.295
13	15	34.7967	24.1873	0.2683
4	7	98.7635	44.014	0.1934
2	9	28.0456	36.3275	0.0295
16	2	9.8724	17.7482	0.1992
15	13	36.575	0.2734	0.0185
20	7	83.122	9.7827	0.1859
21	6	11.3706	40.2137	0.0261
17	2	48.5562	44.802	0.1318
6	3	11.2588	41.69	0.0079
12	19	52.8079	24.2336	0.1962
11	18	31.304	6.1814	0.1418
19	20	8.0498	49.6939	0.2052
20	24	79.8688	1.6479	0.2738
7	19	67.5801	16.0135	0.2915
9	4	90.7346	30.3414	0.0386
17	7	56.6781	24.0709	0.1063
18	7	17.9969	40.7595	0.2476
22	17	95.6395	42.7502	0.2637
7	6	7.756	24.496	0.1531
11	22	98.6337	30.7137	0.1
2	9	10.3949	43.7737	0.2972
11	9	14.9165	0.721	0.076
15	23	65.6193	45.4574	0.1523
19	19	2.2948	29.3836	0.2121
20	5	65.58	20.8015	0.1724
22	14	19.8299	48.6948	0.2142
11	10	35.7084	0.7614	0.2058
3	13	1.3978	18.6964	0.2013
6	11	82.6102	22.2456	0.0804
2	15	47.2279	20.3753	0.2528
1	1	5.6256	30.194	0.1823
16	5	51.2085	42.3525	0.0977
11	5	23.6699	2.983	0.0062
11	11	49.9541	36.398	0.1993
4	10	17.3156	0.9059	0.097
8	22	62.5564	23.4042	0.1589
3	6	61.7241	45.4069	0.0099
9	19	88.6267	5.1444	0.2426
22	24	90.9648	19.2596	0.2378
24	14	11.2325	42.2334	0.0154
6	16	66.0143	45.3943	0.1761
5	8	32.531	6.4032	0.1199
4	4	5.7242	18.6954	0.0953
3	12	30.4225	38.2253	0.0244
11	19	17.8629	23.0259	0.2884
8	1	95.3463	16.1886	0.0531
16	11	30.2458	9.8574	0.0555
11	7	48.067	15.4941	0.2069
24	18	11.2516	8.5251	0.0968
23	10	73.343	6.4677	0.237
9	6	82.6533	12.0568	0.2958
16	3	21.747	21.8633	0.1156
23	24	73.2613	4.8458	0.2609
7	12	22.7306	19.9969	0.1743
15	22	49.1005	13.3597	0.023
2	17	45.383	3.2857	0.0333
16	24	88.0613	8.7045	0.2324
7	7	51.7548	33.5632	0.1355
2	19	9.227	41.1276	0.2778
22	15	84.6899	7.5438	0.0599
16	1	19.3711	13.484	0.0301
15	21	8.8131	46.3663	0.2621
15	12	61.5523	3.6543	0.1349
5	20	64.3294	43.2498	0.2105
9	21	20.3491	27.3524	0.1658
2	6	11.0993	47.3129	0.1544
16	2	44.9561	27.0571	0.1911
24	22	83.5586	46.3956	0.2675
21	11	39.9529	4.1671	0.0618
19	18	45.0091	44.5479	0.2086
3	1	47.3111	19.8643	0.2743
4	1	36.474	32.6869	0.0491
14	8	91.361	3.9707	0.2057
5	8	62.4049	12.0727	0.0144
10	13	97.646	15.2069	0.0876
22	18	99.561	4.8302	0.2501
11	16	2.5092	6.9518	0.2413
2	1	5.1183	25.431	0.044
19	10	72.8164	16.3396	0.2702
6	22	70.9712	15.2969	0.2334
5	4	72.9044	40.8521	0.1641
5	21	99.5528	22.1199	0.1047
17	18	50.6498	48.933	0.2548
18	3	5.2725	16.8497	0.0481
11	14	76.4985	8.3669	0.2591
4	1	57.2943	2.2332	0.2598
14	4	33.1509	42.3486	0.1257
5	1	43.5616	46.4344	0.2331
14	1	60.476	18.9229	0.1267
22	16	63.2191	24.5794	0.2968
19	8	67.9217	6.6722	0.0359
11	10	59.9852	16.0032	0.1736
3	16	1.542	45.5937	0.1639
23	6	34.6309	42.4708	0.1678
24	16	17.8642	31.0008	0.2636
17	8	53.3505	38.8558	0.0017
22	1	31.3016	10.7632	0.208
19	6	50.4242	12.7662	0.1055
16	2	89.4817	5.9657	0.0648
1	15	91.8255	47.8492	0.0328
1	11	74.5798	9.4849	0.2466
12	14	58.7986	2.2099	0.1081
21	23	11.224	13.0691	0.1167
22	12	41.5188	4.1473	0.1165
8	2	5.3845	0.8445	0.1067
19	7	15.381	1.4143	0.046
15	17	12.1823	21.8587	0.2477
6	4	29.4893	15.7248	0.0839
6	18	13.0648	8.4826	0.0881
17	14	55.7251	3.2378	0.0553
10	14	1.9867	37.4956	0.1381
17	8	45.691	16.3445	0.0516
19	11	86.3574	44.5235	0.0075
3	13	52.4408	18.9609	0.2919
21	13	54.4464	2.5084	0.2905
21	8	74.6841	0.2859	0.169
20	23	86.0569	22.4427	0.0825
7	5	99.147	39.9298	0.0342
9	22	78.113	9.352	0.0205
23	7	1.0198	23.9389	0.0528
11	11	88.5219	7.8834	0.0436
20	5	9.0326	28.6718	0.0333
12	20	72.5898	6.7957	0.155
2	17	93.2012	43.079	0.2922
24	20	69.224	12.8854	0.2824
23	23	29.1529	11.9802	0.0916
23	6	61.6745	49.4572	0.0821
1	3	5.1861	22.5442	0.0155
1	3	87.698	28.3575	0.2371
24	13	89.8442	38.1971	0.2372
5	18	6.4713	17.0223	0.0589
12	4	33.635	37.665	0.04
10	8	2.651	24.1448	0.0437
16	11	82.8103	41.1992	0.2618
17	3	10.6639	29.1743	0.2714
20	3	20.7905	15.9625	0.15
9	17	26.5327	34.7361	0.1168
10	20	3.7559	48.5239	0.2363
21	16	65.6784	42.8895	0.2564
9	7	24.1294	45.0551	0.2245
5	18	57.3611	1.4459	0.0695
14	4	68.0688	40.5901	0.2652
15	10	67.9573	21.3153	0.1957
2	10	73.8428	35.3756	0.2842
23	7	18.5742	31.5559	0.0585
19	23	48.5974	43.9837	0.2459
23	11	23.5759	8.1727	0.079
23	6	54.9926	26.8371	0.0017
6	6	59.7333	13.8569	0.0207
15	11	31.0831	21.1627	0.2299
16	20	4.846	8.4005	0.184
22	24	46.8787	48.7815	0.0318
8	8	0.2291	20.983	0.2163
14	24	3.5376	9.8662	0.2416
21	19	0.8803	3.316	0.2823
15	21	81.5831	49.6356	0.1494
1	19	92.0063	30.5177	0.2805
16	1	19.1113	31.6601	0.263
12	1	38.0299	49.7198	0.2338
22	17	46.4746	34.6944	0.179
6	4	89.3953	20.2763	0.2912
9	1	66.1676	31.8215	0.1705
11	13	75.1171	42.8392	0.1342
3	15	77.6231	32.9479	0.2164
21	11	18.2515	15.9149	0.0384
14	17	2.537	23.5028	0.0943
4	3	66.9168	37.8205	0.1543
10	2	59.7053	47.8094	0.0412
5	18	64.6107	28.5368	0.0846
8	22	17.6796	19.0955	0.0711
16	21	74.1926	23.7921	0.1783
22	9	64.0529	28.9432	0.0279
17	6	52.3039	45.8548	0.2833
14	22	30.2216	26.5617	0.022
6	4	43.7884	43.2181	0.1926
11	2	91.7195	29.8339	0.188
3	4	98.9441	34.6036	0.0467
11	13	99.8447	47.758	0.0712
10	16	65.5076	34.2093	0.0643
23	2	88.9198	14.667	0.1013
13	6	69.8187	3.5576	0.2132
6	12	91.1604	25.1863	0.1837
24	18	54.0547	15.8997	0.1065
16	19	47.1036	2.567	0.1428
13	19	53.0623	19.7632	0.2942
11	13	4.0097	31.1682	0.2208
4	17	53.3098	36.0117	0.2479
13	12	25.4569	43.0147	0.0685
7	21	25.765	13.2939	0.1149
9	23	24.4405	14.0362	0.1352
22	1	51.9481	23.1136	0.0138
5	2	73.8227	33.0936	0.2112
10	5	61.9649	33.793	0.1809
22	9	73.9003	13.4394	0.1938
11	17	8.9543	16.4894	0.193
5	9	1.782	33.5693	0.2496
11	12	73.4891	1.9096	0.0658
23	5	4.2476	7.2593	0.035
7	23	18.7015	25.0129	0.2685
21	2	15.8908	31.8839	0.0657
11	7	2.8285	27.7961	0.2921
16	20	16.3085	11.8139	0.1275
15	13	94.101	10.9121	0.206
11	4	62.5904	9.9863	0.1205
12	18	65.9624	0.0933	0.2182
11	10	20.9929	48.7512	0.1866
1	11	7.5313	18.5705	0.2801
2	11	39.0746	20.6344	0.139
6	8	24.547	16.939	0.2073
8	21	17.6312	23.4577	0.1775
2	2	36.6504	20.7407	0.0811
6	9	14.5788	5.3531	0.1628
13	4	69.2218	1.5013	0.2307
7	6	1.3289	42.822	0.1425
4	5	13.0111	13.6115	0.1081
17	1	21.6087	1.6587	0.1867
4	10	19.9784	2.3506	0.065
15	11	99.6351	10.2359	0.1745
13	15	74.6595	5.2921	0.2544
23	9	58.6425	25.0105	0.2696
5	13	93.7019	14.342	0.2986
18	19	45.8159	15.9862	0.1889
19	15	65.3735	35.3669	0.1616
13	23	65.8039	19.0239	0.2044
10	3	89.268	28.3657	0.0399
10	2	50.378	24.6214	0.0671
13	16	86.1524	49.3999	0.1369
7	22	60.7515	27.4972	0.235
22	24	96.1225	35.4716	0.0722
17	4	81.364	23.2793	0.1533
9	9	89.7328	31.4349	0.185
19	15	5.9581	34.7989	0.2909
7	18	47.4717	44.488	0.2408
1	17	66.5591	40.2455	0.0351
7	10	92.8405	13.6788	0.0392
24	1	4.7005	5.4666	0.1255
13	11	66.2638	39.8004	0.0384
5	10	87.6373	27.8512	0.2507
23	13	65.7216	38.5672	0.1069
22	17	47.4661	43.9947	0.2172
9	10	61.8628	15.5289	0.2425
16	10	79.7398	42.7236	0.008
9	15	61.0546	23.0769	0.1126
20	13	6.7756	40.8319	0.2925
4	18	7.1049	41.4869	0.2359
2	3	3.3015	13.2127	0.2528
7	19	10.1584	3.1388	0.082
18	6	97.4175	37.6522	0.281
18	18	0.3879	15.3767	0.288
5	11	95.5808	39.446	0.1935
3	23	6.9897	26.6364	0.0276
9	20	27.6396	44.873	0.0542
20	20	1.3478	11.7611	0.0629
6	20	70.7903	36.557	0.0619
7	24	20.0936	45.8342	0.2047
17	5	0.0139	0.3162	0.2651
3	4	77.2109	3.2284	0.2161
10	10	81.42	17.4867	0.0564
22	4	92.1981	8.4974	0.242
20	16	93.2728	13.2154	0.169
8	17	91.0918	23.4295	0.0933
23	4	90.574	9.6698	0.1079
19	3	49.8506	29.2197	0.0659
10	9	38.8285	39.6662	0.0394
19	6	67.4241	15.3504	0.1742
4	10	35.1183	4.4752	0.2671
6	20	94.5906	13.7486	0.1779
14	18	63.9327	32.1839	0.0647
3	6	59.0419	37.1513	0.2566
21	9	60.6246	44.469	0.195
21	15	3.8707	28.1483	0.2991
8	12	62.3457	12.5973	0.1468
19	1	6.5774	46.2858	0.0496
7	8	45.0382	6.7665	0.2895
15	13	5.1587	24.3062	0.1621
4	3	51.3315	28.6819	0.1083
23	1	61.2646	42.2863	0.0775
9	21	44.2698	11.4547	0.2841
12	21	92.4641	27.7186	0.2824
18	6	69.4809	13.2118	0.1887
7	22	72.2161	1.7062	0.268
18	21	60.5665	43.9677	0.1902
16	14	61.7841	9.9123	0.2496
6	22	84.5983	43.3129	0.1564
19	8	59.8301	32.5912	0.0828
23	12	75.8083	28.532	0.0815
2	18	9.3254	17.8779	0.0523
4	8	50.2318	32.9981	0.2571
5	18	41.3364	38.7315	0.141
7	3	37.2334	26.5715	0.2779
9	9	24.2239	26.8613	0.1358
5	3	79.2154	25.2524	0.2097
18	22	50.3448	10.9433	0.1803
22	13	52.9903	5.7457	0.1888
19	15	2.4191	15.6064	0.2989
11	2	36.0658	4.1809	0.0358
20	17	11.49	42.2371	0.1446
10	4	48.7908	33.8784	0.2287
22	21	36.6489	18.6767	0.064
8	18	3.2739	24.4241	0.2457
11	11	45.3872	2.6958	0.0937
23	9	91.7728	22.6388	0.2091
2	24	2.3449	22.7044	0.2683
5	13	7.0561	44.5238	0.2905
2	7	29.5034	9.88	0.217
7	8	73.2602	12.1867	0.0308
14	17	21.722	36.4686	0.0987
6	5	98.4053	23.9363	0.0561
23	21	68.8503	16.8192	0.1404
3	9	61.1815	0.5463	0.2474
11	14	6.1942	39.6377	0.1935
8	19	33.231	34.6021	0.1051
22	12	66.4707	31.9784	0.2038
16	15	46.6478	34.1478	0.1971
3	4	67.1244	40.6575	0.2658
24	5	88.4414	20.4519	0.0424
24	22	37.8633	19.7599	0.0667
3	17	89.1688	31.8096	0.0954
14	5	57.5981	17.4592	0.0811
23	20	59.2302	12.7056	0.2954
2	2	17.2352	33.176	0.1947
13	12	34.1804	13.9662	0.2594
7	14	72.659	42.4343	0.1974
13	2	44.1138	10.2765	0.0794
4	21	45.7936	13.6356	0.033
12	13	74.7308	32.8607	0.0892
11	10	52.9471	14.1707	0.2863
22	20	33.0451	47.8973	0.2048
24	4	53.3878	28.0356	0.1764
4	22	16.3148	8.7112	0.0714
6	10	3.074	47.5947	0.0648
23	15	86.716	40.5919	0.1826
10	20	57.9248	40.243	0.1863
6	15	57.7694	39.2779	0.2781
11	13	64.0737	5.5765	0.1827
21	12	43.0853	28.9794	0.1264
5	15	51.1833	19.0722	0.1452
24	21	85.4255	36.0963	0.1993
14	22	27.4066	24.2372	0.1492
9	7	72.5993	2.9025	0.0381
16	14	17.5525	48.322	0.2955
3	13	85.2577	43.6296	0.1965
8	21	96.0254	15.28	0.2992
7	19	82.8605	0.784	0.0045
15	22	65.9048	13.7544	0.1562
10	21	91.7789	48.077	0.028
21	3	70.6698	43.5846	0.2386
24	12	15.4321	26.2615	0.151
23	21	25.8973	32.0466	0.173
3	18	88.9294	32.2076	0.2464
24	13	29.2494	15.9134	0.21
24	24	18.9991	49.1406	0.0669
6	3	40.2092	13.4281	0.1901
1	9	31.654	46.4734	0.1487
14	13	89.5127	2.3534	0.2924
18	19	0.808	45.1227	0.294
19	2	84.3277	17.666	0.0432
5	12	9.2974	23.7137	0.1271
4	6	11.5364	19.616	0.2025
13	20	91.4107	45.914	0.0145
16	1	1.4317	32.7322	0.2179
15	20	45.4898	7.3726	0.1684
22	17	99.6597	22.5464	0.0941
11	13	61.6929	0.7405	0.2067
10	11	27.8755	5.9228	0.0702
6	16	68.5687	21.8173	0.1198
13	23	18.0445	44.1612	0.1787
8	20	7.5784	22.2838	0.0455
9	6	52.8905	48.3813	0.0339
6	23	24.6829	11.9568	0.2196
5	22	66.3016	36.3282	0.0547
17	1	23.4623	22.4844	0.0055
16	10	45.9925	15.2195	0.192
13	6	67.0564	11.6048	0.0281
9	18	51.383	5.2259	0.1195
18	3	67.3345	4.6837	0.1132
20	19	17.8717	49.3262	0.215
17	4	12.9853	34.5888	0.183
7	22	40.0327	24.3748	0.002
7	17	53.9892	28.5734	0.2005
1	7	63.3741	30.5085	0.2042
14	16	97.8373	23.0692	0.0447
24	17	87.6757	9.1157	0.1774
12	24	48.2477	0.7377	0.0926
7	8	84.9825	38.5176	0.2055
7	7	56.0027	9.9153	0.24
19	20	64.0588	37.8338	0.0688
18	21	7.9673	14.0598	0.2613
3	12	32.2807	16.9867	0.1029
7	22	33.2057	28.8276	0.0556
12	16	47.013	8.9353	0.0629
6	10	89.527	23.7043	0.1346
14	7	47.926	25.4468	0.2815
20	7	36.9446	12.4555	0.1802
16	24	23.0092	43.4645	0.0025
10	3	90.0852	49.8852	0.1608
24	17	87.1787	28.5421	0.0215
9	7	59.8718	36.2217	0.1952
9	7	23.0188	40.4881	0.2505
24	1	12.0718	4.2634	0.0121
21	1	10.221	45.0729	0.2207
19	19	66.7518	40.4731	0.2516
15	7	64.3724	39.6403	0.2296
17	19	2.5744	13.5085	0.1682
7	22	84.6253	20.7521	0.1059
24	6	6.9698	21.3419	0.1775
17	1	39.9219	9.4424	0.1157
22	15	37.9976	10.955	0.0721
14	13	6.6087	0.434	0.1423
12	20	87.2099	15.1919	0.1783
15	9	57.3397	10.1223	0.2307
12	14	70.581	18.3934	0.2025
21	23	8.9556	36.5945	0.1106
19	13	85.707	21.5867	0.1751
19	20	85.2506	18.1751	0.2333
12	4	2.5189	42.1835	0.2058
24	9	58.9119	7.5086	0.0398
19	17	5.22	9.3767	0.2201
7	10	85.148	27.1403	0.2325
6	21	52.2878	11.4429	0.1902
10	20	8.2184	40.0463	0.0399
10	23	21.8832	21.0495	0.1555
15	13	9.124	2.0828	0.2986
21	15	15.3748	40.3173	0.0958
2	5	23.2878	2.7825	0.1054
5	12	36.963	1.8153	0.1921
8	19	12.1417	19.3668	0.0503
2	14	73.5403	33.6744	0.0221
13	20	55.8735	16.0598	0.0741
11	12	65.766	20.5489	0.1923
24	19	77.941	18.8249	0.24
7	18	20.3171	5.2352	0.0197
18	24	52.8918	30.4257	0.1973
5	8	72.9023	7.7291	0.2028
16	16	11.0919	7.1687	0.1765
22	12	26.819	23.1695	0.2346
20	10	92.8043	39.5953	0.2487
2	21	68.4012	41.2611	0.0135
6	16	27.0591	46.8706	0.1114
2	24	32.3312	6.068	0.1393
11	21	96.6321	24.3089	0.1542
23	11	64.0991	22.7339	0.1381
5	15	61.933	4.5752	0.1656
7	9	39.8649	6.5895	0.2737
10	18	53.3572	17.6106	0.1278
22	19	82.9805	45.0993	0.0628
19	22	4.3682	43.4282	0.1174
12	5	10.4484	10.4399	0.228
1	7	83.8606	7.3516	0.2261
2	13	10.3347	3.7683	0.2822
8	8	46.3753	20.9029	0.1486
14	10	64.3609	0.5345	0.0704
23	11	86.5659	31.3297	0.0562
6	22	44.9618	2.5493	0.1365
20	11	72.9962	40.8138	0.1166
21	12	86.5304	36.7377	0.1359
1	6	24.7316	10.4466	0.037
5	10	87.3611	21.9923	0.1148
6	6	46.9859	10.8196	0.0857
8	3	28.0105	25.0854	0.0248
15	4	46.8215	34.0954	0.2057
7	24	87.1875	34.3383	0.1612
22	21	90.169	47.0623	0.1241
12	3	50.9759	10.3253	0.1701
11	16	30.9812	5.3839	0.1429
19	14	10.8973	39.0449	0.0939
24	2	94.9044	9.8712	0.1484
12	20	51.8115	37.3433	0.1424
17	6	76.4871	33.9291	0.072
22	14	49.2495	5.4915	0.0515
2	19	58.4414	49.0152	0.1277
2	17	64.249	24.1786	0.0968
8	8	2.4758	32.6373	0.0135
17	18	67.5723	33.2652	0.296
17	20	75.4257	41.8758	0.2845
15	20	83.6121	47.1134	0.2044
11	5	77.0429	46.0672	0.2556
18	5	36.8807	46.9711	0.2783
6	22	3.8121	23.1062	0.0534
21	7	25.0609	10.6746	0.1014
11	18	19.5764	43.202	0.259
10	17	75.1907	23.593	0.18
22	2	91.6904	42.1391	0.195
14	16	73.5189	2.0406	0.1157
1	8	41.3522	5.1938	0.0485
21	13	2.4867	45.5822	0.1828
23	23	44.7109	18.094	0.0202
8	21	23.0992	13.8434	0.2297
13	5	64.9858	43.7384	0.2524
15	3	30.1618	25.974	0.1115
19	20	99.3216	34.5232	0.1478
22	23	67.2463	5.7527	0.1684
16	5	27.3606	3.1967	0.2055
4	3	11.7164	20.4843	0.2245
